{
  "num_ports": 14,
  "ports": [
    {
      "id": 0,
      "draught": 550,
      "depot": false
    },
    {
      "id": 1,
      "draught": 550,
      "depot": false
    },
    {
      "id": 2,
      "draught": 550,
      "depot": false
    },
    {
      "id": 3,
      "draught": 4356,
      "depot": true
    },
    {
      "id": 4,
      "draught": 355,
      "depot": false
    },
    {
      "id": 5,
      "draught": 550,
      "depot": false
    },
    {
      "id": 6,
      "draught": 550,
      "depot": false
    },
    {
      "id": 7,
      "draught": 449,
      "depot": false
    },
    {
      "id": 8,
      "draught": 550,
      "depot": false
    },
    {
      "id": 9,
      "draught": 550,
      "depot": false
    },
    {
      "id": 10,
      "draught": 384,
      "depot": false
    },
    {
      "id": 11,
      "draught": 550,
      "depot": false
    },
    {
      "id": 12,
      "draught": 550,
      "depot": false
    },
    {
      "id": 13,
      "draught": 526,
      "depot": false
    }
  ],
  "num_requests": 22,
  "requests": [
    {
      "origin": 6,
      "destination": 8,
      "demand": 99
    },
    {
      "origin": 1,
      "destination": 7,
      "demand": 93
    },
    {
      "origin": 2,
      "destination": 1,
      "demand": 35
    },
    {
      "origin": 5,
      "destination": 13,
      "demand": 71
    },
    {
      "origin": 5,
      "destination": 10,
      "demand": 36
    },
    {
      "origin": 2,
      "destination": 6,
      "demand": 62
    },
    {
      "origin": 6,
      "destination": 11,
      "demand": 43
    },
    {
      "origin": 11,
      "destination": 10,
      "demand": 49
    },
    {
      "origin": 0,
      "destination": 6,
      "demand": 14
    },
    {
      "origin": 12,
      "destination": 8,
      "demand": 24
    },
    {
      "origin": 8,
      "destination": 1,
      "demand": 36
    },
    {
      "origin": 10,
      "destination": 2,
      "demand": 81
    },
    {
      "origin": 6,
      "destination": 11,
      "demand": 50
    },
    {
      "origin": 6,
      "destination": 8,
      "demand": 48
    },
    {
      "origin": 13,
      "destination": 0,
      "demand": 72
    },
    {
      "origin": 10,
      "destination": 0,
      "demand": 10
    },
    {
      "origin": 1,
      "destination": 2,
      "demand": 38
    },
    {
      "origin": 12,
      "destination": 8,
      "demand": 79
    },
    {
      "origin": 11,
      "destination": 1,
      "demand": 93
    },
    {
      "origin": 4,
      "destination": 12,
      "demand": 38
    },
    {
      "origin": 11,
      "destination": 5,
      "demand": 5
    },
    {
      "origin": 2,
      "destination": 4,
      "demand": 77
    }
  ],
  "capacity": 550,
  "distances": [
    [
      0,
      153,
      510,
      706,
      966,
      581,
      455,
      70,
      160,
      372,
      157,
      567,
      342,
      398
    ],
    [
      153,
      0,
      422,
      664,
      997,
      598,
      507,
      197,
      311,
      479,
      310,
      581,
      417,
      376
    ],
    [
      510,
      422,
      0,
      289,
      744,
      390,
      437,
      491,
      645,
      880,
      618,
      374,
      455,
      211
    ],
    [
      706,
      664,
      289,
      0,
      491,
      265,
      410,
      664,
      804,
      1070,
      768,
      259,
      499,
      310
    ],
    [
      966,
      997,
      744,
      491,
      0,
      400,
      514,
      902,
      990,
      1261,
      947,
      418,
      635,
      636
    ],
    [
      581,
      598,
      390,
      265,
      400,
      0,
      168,
      522,
      634,
      910,
      593,
      19,
      284,
      239
    ],
    [
      455,
      507,
      437,
      410,
      514,
      168,
      0,
      389,
      482,
      757,
      439,
      163,
      124,
      232
    ],
    [
      70,
      197,
      491,
      664,
      902,
      522,
      389,
      0,
      154,
      406,
      133,
      508,
      273,
      355
    ],
    [
      160,
      311,
      645,
      804,
      990,
      634,
      482,
      154,
      0,
      276,
      43,
      623,
      358,
      498
    ],
    [
      372,
      479,
      880,
      1070,
      1261,
      910,
      757,
      406,
      276,
      0,
      318,
      898,
      633,
      761
    ],
    [
      157,
      310,
      618,
      768,
      947,
      593,
      439,
      133,
      43,
      318,
      0,
      582,
      315,
      464
    ],
    [
      567,
      581,
      374,
      259,
      418,
      19,
      163,
      508,
      623,
      898,
      582,
      0,
      275,
      221
    ],
    [
      342,
      417,
      455,
      499,
      635,
      284,
      124,
      273,
      358,
      633,
      315,
      275,
      0,
      247
    ],
    [
      398,
      376,
      211,
      310,
      636,
      239,
      232,
      355,
      498,
      761,
      464,
      221,
      247,
      0
    ]
  ]
}