{
  "num_ports": 16,
  "ports": [
    {
      "id": 0,
      "draught": 227,
      "depot": false
    },
    {
      "id": 1,
      "draught": 157,
      "depot": false
    },
    {
      "id": 2,
      "draught": 3168,
      "depot": true
    },
    {
      "id": 3,
      "draught": 136,
      "depot": false
    },
    {
      "id": 4,
      "draught": 83,
      "depot": false
    },
    {
      "id": 5,
      "draught": 185,
      "depot": false
    },
    {
      "id": 6,
      "draught": 61,
      "depot": false
    },
    {
      "id": 7,
      "draught": 189,
      "depot": false
    },
    {
      "id": 8,
      "draught": 77,
      "depot": false
    },
    {
      "id": 9,
      "draught": 162,
      "depot": false
    },
    {
      "id": 10,
      "draught": 172,
      "depot": false
    },
    {
      "id": 11,
      "draught": 204,
      "depot": false
    },
    {
      "id": 12,
      "draught": 163,
      "depot": false
    },
    {
      "id": 13,
      "draught": 104,
      "depot": false
    },
    {
      "id": 14,
      "draught": 178,
      "depot": false
    },
    {
      "id": 15,
      "draught": 136,
      "depot": false
    }
  ],
  "num_requests": 16,
  "requests": [
    {
      "origin": 0,
      "destination": 7,
      "demand": 33
    },
    {
      "origin": 3,
      "destination": 7,
      "demand": 69
    },
    {
      "origin": 12,
      "destination": 11,
      "demand": 60
    },
    {
      "origin": 7,
      "destination": 6,
      "demand": 20
    },
    {
      "origin": 7,
      "destination": 15,
      "demand": 84
    },
    {
      "origin": 9,
      "destination": 15,
      "demand": 79
    },
    {
      "origin": 12,
      "destination": 10,
      "demand": 99
    },
    {
      "origin": 9,
      "destination": 8,
      "demand": 34
    },
    {
      "origin": 12,
      "destination": 9,
      "demand": 96
    },
    {
      "origin": 0,
      "destination": 5,
      "demand": 14
    },
    {
      "origin": 5,
      "destination": 12,
      "demand": 83
    },
    {
      "origin": 8,
      "destination": 14,
      "demand": 52
    },
    {
      "origin": 9,
      "destination": 11,
      "demand": 14
    },
    {
      "origin": 14,
      "destination": 1,
      "demand": 6
    },
    {
      "origin": 1,
      "destination": 14,
      "demand": 26
    },
    {
      "origin": 4,
      "destination": 15,
      "demand": 82
    }
  ],
  "capacity": 240,
  "distances": [
    [
      0,
      509,
      501,
      312,
      1019,
      736,
      656,
      60,
      1039,
      726,
      2314,
      479,
      448,
      479,
      619,
      150
    ],
    [
      509,
      0,
      126,
      474,
      1526,
      1226,
      1133,
      532,
      1449,
      1122,
      2789,
      958,
      941,
      978,
      1127,
      542
    ],
    [
      501,
      126,
      0,
      541,
      1516,
      1184,
      1084,
      536,
      1371,
      1045,
      2728,
      913,
      904,
      946,
      1115,
      499
    ],
    [
      312,
      474,
      541,
      0,
      1157,
      980,
      919,
      271,
      1333,
      1029,
      2553,
      751,
      704,
      720,
      783,
      455
    ],
    [
      1019,
      1526,
      1516,
      1157,
      0,
      478,
      583,
      996,
      858,
      855,
      1504,
      677,
      651,
      600,
      401,
      1033
    ],
    [
      736,
      1226,
      1184,
      980,
      478,
      0,
      115,
      740,
      470,
      379,
      1581,
      271,
      289,
      261,
      308,
      687
    ],
    [
      656,
      1133,
      1084,
      919,
      583,
      115,
      0,
      667,
      455,
      288,
      1661,
      177,
      216,
      207,
      343,
      592
    ],
    [
      60,
      532,
      536,
      271,
      996,
      740,
      667,
      0,
      1066,
      759,
      2320,
      493,
      454,
      479,
      598,
      206
    ],
    [
      1039,
      1449,
      1371,
      1333,
      858,
      470,
      455,
      1066,
      0,
      328,
      1387,
      591,
      650,
      656,
      776,
      933
    ],
    [
      726,
      1122,
      1045,
      1029,
      855,
      379,
      288,
      759,
      328,
      0,
      1697,
      333,
      400,
      427,
      622,
      610
    ],
    [
      2314,
      2789,
      2728,
      2553,
      1504,
      1581,
      1661,
      2320,
      1387,
      1697,
      0,
      1838,
      1868,
      1841,
      1789,
      2248
    ],
    [
      479,
      958,
      913,
      751,
      677,
      271,
      177,
      493,
      591,
      333,
      1838,
      0,
      68,
      105,
      336,
      417
    ],
    [
      448,
      941,
      904,
      704,
      651,
      289,
      216,
      454,
      650,
      400,
      1868,
      68,
      0,
      52,
      287,
      406
    ],
    [
      479,
      978,
      946,
      720,
      600,
      261,
      207,
      479,
      656,
      427,
      1841,
      105,
      52,
      0,
      237,
      449
    ],
    [
      619,
      1127,
      1115,
      783,
      401,
      308,
      343,
      598,
      776,
      622,
      1789,
      336,
      287,
      237,
      0,
      636
    ],
    [
      150,
      542,
      499,
      455,
      1033,
      687,
      592,
      206,
      933,
      610,
      2248,
      417,
      406,
      449,
      636,
      0
    ]
  ]
}